0 4 -1 -1 -1 -1 -1 8 -1 9 4 -1 -1 -1 -1 -1 8 -1 -1 -1
4 0 8 -1 -1 -1 -1 11 -1 4 9 8 -1 -1 -1 -1 11 -1 -1 -1
-1 8 0 7 -1 4 -1 -1 2 -1 8 9 7 -1 4 -1 -1 2 -1 4
-1 -1 7 0 9 14 -1 -1 -1 -1 -1 7 9 9 14 -1 -1 -1 9 14
-1 -1 -1 9 0 19 -1 -1 -1 -1 -1 -1 9 9 19 -1 -1 -1 9 19
-1 -1 4 14 19 0 2 -1 -1 -1 -1 4 14 19 9 2 -1 -1 19 9
-1 -1 -1 -1 -1 2 0 1 6 -1 -1 -1 -1 -1 2 9 1 6 -1 2
8 11 -1 -1 -1 -1 1 0 7 8 11 -1 -1 -1 -1 1 9 7 -1 -1
-1 -1 2 -1 -1 -1 6 7 0 -1 -1 2 -1 -1 -1 6 7 9 -1 -1
9 4 -1 -1 -1 -1 -1 8 -1 0 4 -1 -1 -1 -1 -1 8 -1 -1 -1
4 9 8 -1 -1 -1 -1 11 -1 4 0 8 -1 -1 -1 -1 11 -1 -1 -1
-1 8 9 7 -1 4 -1 -1 2 -1 8 0 7 -1 4 -1 -1 2 -1 4
-1 -1 7 9 9 14 -1 -1 -1 -1 -1 7 0 9 14 -1 -1 -1 9 14
-1 -1 -1 9 9 19 -1 -1 -1 -1 -1 -1 9 0 19 -1 -1 -1 9 19
-1 -1 4 14 19 9 2 -1 -1 -1 -1 4 14 19 0 2 -1 -1 19 9
-1 -1 -1 -1 -1 2 9 1 6 -1 -1 -1 -1 -1 2 0 1 6 -1 2
8 11 -1 -1 -1 -1 1 9 7 8 11 -1 -1 -1 -1 1 0 7 -1 -1
-1 -1 2 -1 -1 -1 6 7 9 -1 -1 2 -1 -1 -1 6 7 0 -1 -1
9 4 -1 -1 -1 -1 -1 8 -1 9 4 -1 -1 -1 -1 -1 8 -1 0 -1
-1 8 9 7 -1 4 -1 -1 2 -1 8 9 7 -1 4 -1 -1 2 -1 0
